53333955136910579: 0 14 32 62 74 84 132 150 182 200 248 258 270 300 318 332
53333955136910579: 0 14 32 62 74 84 132 150 182 200 248 258 270 300 318 332
53333955136910579: 0 14 32 62 74 84 132 150 182 200 248 258 270 300 318 332
53333955136910579: 0 14 32 62 74 84 132 150 182 200 248 258 270 300 318 332
53333955136910579: 0 14 32 62 74 84 132 150 182 200 248 258 270 300 318 332
53333955136910579: 0 14 32 62 74 84 132 150 182 200 248 258 270 300 318 332
53333955136910579: 0 14 32 62 74 84 132 150 182 200 248 258 270 300 318 332
53333955136910579: 0 14 32 62 74 84 132 150 182 200 248 258 270 300 318 332
53333955136910579: 0 14 32 62 74 84 132 150 182 200 248 258 270 300 318 332
53333955136910579: 0 14 32 62 74 84 132 150 182 200 248 258 270 300 318 332
53333955136910579: 0 14 32 62 74 84 132 150 182 200 248 258 270 300 318 332
53333955136910579: 0 14 32 62 74 84 132 150 182 200 248 258 270 300 318 332
53333955136910579: 0 14 32 62 74 84 132 150 182 200 248 258 270 300 318 332
53333955136910579: 0 14 32 62 74 84 132 150 182 200 248 258 270 300 318 332
53333955136910579: 0 14 32 62 74 84 132 150 182 200 248 258 270 300 318 332
53333955136910579: 0 14 32 62 74 84 132 150 182 200 248 258 270 300 318 332
53333955136910579: 0 14 32 62 74 84 132 150 182 200 248 258 270 300 318 332
53333955136910579: 0 14 32 62 74 84 132 150 182 200 248 258 270 300 318 332
53333955136910579: 0 14 32 62 74 84 132 150 182 200 248 258 270 300 318 332
53333955136910579: 0 14 32 62 74 84 132 150 182 200 248 258 270 300 318 332
53333955136910579: 0 14 32 62 74 84 132 150 182 200 248 258 270 300 318 332
53333955136910579: 0 14 32 62 74 84 132 150 182 200 248 258 270 300 318 332
53333955136910579: 0 14 32 62 74 84 132 150 182 200 248 258 270 300 318 332
53333955136910579: 0 14 32 62 74 84 132 150 182 200 248 258 270 300 318 332
53333955136910579: 0 14 32 62 74 84 132 150 182 200 248 258 270 300 318 332
53333955136910579: 0 14 32 62 74 84 132 150 182 200 248 258 270 300 318 332
53333955136910579: 0 14 32 62 74 84 132 150 182 200 248 258 270 300 318 332
53333955136910579: 0 14 32 62 74 84 132 150 182 200 248 258 270 300 318 332
53333955136910579: 0 14 32 62 74 84 132 150 182 200 248 258 270 300 318 332
53333955136910579: 0 14 32 62 74 84 132 150 182 200 248 258 270 300 318 332
53333955136910579: 0 14 32 62 74 84 132 150 182 200 248 258 270 300 318 332
53333955136910579: 0 14 32 62 74 84 132 150 182 200 248 258 270 300 318 332
53333955136910579: 0 14 32 62 74 84 132 150 182 200 248 258 270 300 318 332
53333955136910579: 0 14 32 62 74 84 132 150 182 200 248 258 270 300 318 332
53333955136910579: 0 14 32 62 74 84 132 150 182 200 248 258 270 300 318 332
53333955136910579: 0 14 32 62 74 84 132 150 182 200 248 258 270 300 318 332
53333955136910579: 0 14 32 62 74 84 132 150 182 200 248 258 270 300 318 332
53333955136910579: 0 14 32 62 74 84 132 150 182 200 248 258 270 300 318 332
53333955136910579: 0 14 32 62 74 84 132 150 182 200 248 258 270 300 318 332
53333955136910579: 0 14 32 62 74 84 132 150 182 200 248 258 270 300 318 332
53334379245198361: 0 10 16 22 76 78 90 126 142 178 190 192 246 252 258 268
53334794308574047: 0 22 24 70 76 136 174 202 234 262 300 360 366 412 414 436
53334795235084607: 0 6 56 74 110 114 116 144 182 210 212 216 252 270 320 326
53334944361020909: 0 2 12 14 48 72 90 98 114 122 140 164 198 200 210 212
53335287962534407: 0 30 84 112 114 142 186 214 222 250 294 322 324 352 406 436
53335958141750939: 0 2 14 30 32 54 72 120 134 182 200 222 224 240 252 254
53336213060750611: 0 18 40 66 82 88 90 132 166 208 210 216 232 258 280 298
53336401608390029: 0 12 20 44 48 104 122 138 224 240 258 314 318 342 350 362
53336469471177637: 0 10 24 52 64 82 112 120 154 162 192 210 222 250 264 274
